CELL nb101_b108 100 6.3667 0.0393 0.0153 0.0240 0.0241
CELL nb101_b108 1000 2.0159 0.1327 0.1265 0.0062 0.1975
CELL nb101_b108 10000 1.5780 0.2128 0.1850 0.0279 0.2865
CELL nb101_b108 423624 0.9197 0.8092 0.3645 0.4447 0.5418
CELL nb101_b36 100 2.6814 0.0814 0.0779 0.0034 0.1221
CELL nb101_b36 1000 2.0343 0.1718 0.1247 0.0471 0.1946
CELL nb101_b36 10000 1.5665 0.2501 0.1870 0.0631 0.2895
CELL nb101_b36 423624 0.5720 0.7943 0.5433 0.2510 0.7535
CELL nb101_b12 100 1.3386 0.2500 0.2332 0.0168 0.3582
CELL nb101_b12 1000 1.2224 0.3629 0.2626 0.1003 0.4009
CELL nb101_b12 10000 1.1613 0.3783 0.2800 0.0983 0.4258
CELL nb101_b12 423624 0.3792 0.6994 0.6774 0.0221 0.8743
CELL nb101_b4 100 1.1543 0.2681 0.2821 -0.0140 0.4287
CELL nb101_b4 1000 1.1970 0.2827 0.2697 0.0131 0.4110
CELL nb101_b4 10000 1.2886 0.2656 0.2453 0.0203 0.3759
CELL nb101_b4 423624 0.4370 0.6216 0.6345 -0.0129 0.8397
MINV=50: architectures with any run below that are excluded.
CELL nb101_b4_clean 100 1.6601 0.1654 0.1716 -0.0062 0.2662
CELL nb101_b4_clean 1000 1.5650 0.1979 0.1873 0.0106 0.2899
CELL nb101_b4_clean 10000 1.5613 0.1943 0.1879 0.0064 0.2909
CELL nb101_b4_clean 20319 1.4521 0.2055 0.2085 -0.0030 0.3217
MINV=50: architectures with any run below that are excluded.
CELL nb101_b12_clean 100 1.3386 0.2500 0.2332 0.0168 0.3582
CELL nb101_b12_clean 1000 1.2224 0.3629 0.2626 0.1003 0.4009
CELL nb101_b12_clean 10000 1.1569 0.3764 0.2813 0.0951 0.4276
CELL nb101_b12_clean 196542 0.6564 0.5287 0.4926 0.0361 0.6989
MINV=50: architectures with any run below that are excluded.
CELL nb101_b36_clean 100 2.6814 0.0814 0.0779 0.0034 0.1221
CELL nb101_b36_clean 1000 2.0343 0.1718 0.1247 0.0471 0.1946
CELL nb101_b36_clean 10000 1.5665 0.2501 0.1870 0.0631 0.2895
CELL nb101_b36_clean 410855 0.3515 0.7881 0.6986 0.0895 0.8900
MINV=50: architectures with any run below that are excluded.
CELL nb101_b108_clean 100 6.3667 0.0393 0.0153 0.0240 0.0241
CELL nb101_b108_clean 1000 2.0159 0.1327 0.1265 0.0062 0.1975
CELL nb101_b108_clean 10000 1.5780 0.2128 0.1850 0.0279 0.2865
CELL nb101_b108_clean 417782 0.2475 0.8086 0.7826 0.0259 0.9423
CELL nb201_t0_e200 100 1.0867 0.2634 0.3032 -0.0399 0.4585
CELL nb201_t0_e200 1000 0.7240 0.4519 0.4556 -0.0037 0.6561
CELL nb201_t0_e200 10000 0.2033 0.8157 0.8200 -0.0043 0.9603
CELL nb201_t0_e200 15625 0.0319 0.9056 0.9713 -0.0657 0.9990
CELL nb201_t0_e25 100 1.1593 0.2381 0.2806 -0.0425 0.4266
CELL nb201_t0_e25 1000 1.2394 0.2210 0.2580 -0.0371 0.3943
CELL nb201_t0_e25 10000 1.1231 0.3330 0.2916 0.0414 0.4422
CELL nb201_t0_e25 15625 0.3454 0.6003 0.7034 -0.1031 0.8934
CELL nb201_t0_e150 100 2.5161 0.0342 0.0871 -0.0529 0.1364
CELL nb201_t0_e150 1000 0.9871 0.3396 0.3381 0.0015 0.5065
CELL nb201_t0_e150 10000 0.5693 0.5781 0.5449 0.0332 0.7552
CELL nb201_t0_e150 15625 0.1733 0.7800 0.8459 -0.0659 0.9708
CELL nb201_t0_e100 100 1.2042 0.2035 0.2676 -0.0642 0.4081
CELL nb201_t0_e100 1000 1.4763 0.2175 0.2037 0.0138 0.3145
CELL nb201_t0_e100 10000 0.9680 0.3973 0.3454 0.0520 0.5163
CELL nb201_t0_e100 15625 0.2264 0.6624 0.8004 -0.1379 0.9512
CELL nb201_t0_e50 100 1.2817 0.2488 0.2470 0.0017 0.3784
CELL nb201_t0_e50 1000 1.3354 0.1689 0.2340 -0.0651 0.3593
CELL nb201_t0_e50 10000 1.1260 0.3426 0.2907 0.0519 0.4409
CELL nb201_t0_e50 15625 0.3139 0.6069 0.7283 -0.1214 0.9103
CELL nb201_t0_e10 100 1.5007 0.2413 0.1990 0.0424 0.3075
CELL nb201_t0_e10 1000 1.3504 0.2089 0.2305 -0.0216 0.3542
CELL nb201_t0_e10 10000 1.1435 0.3398 0.2853 0.0545 0.4334
CELL nb201_t0_e10 15625 0.4431 0.5760 0.6301 -0.0541 0.8359
CELL nb201_t1_e200 100 0.6261 0.5623 0.5102 0.0521 0.7184
CELL nb201_t1_e200 1000 0.6555 0.4406 0.4932 -0.0526 0.6995
CELL nb201_t1_e200 10000 0.2308 0.8113 0.7966 0.0146 0.9494
CELL nb201_t1_e200 15625 0.0447 0.9061 0.9598 -0.0537 0.9980
CELL nb201_t1_e50 100 1.1942 0.1822 0.2705 -0.0882 0.4122
CELL nb201_t1_e50 1000 1.1024 0.3048 0.2982 0.0067 0.4514
CELL nb201_t1_e50 10000 0.8154 0.4450 0.4102 0.0348 0.6006
CELL nb201_t1_e50 15625 0.3349 0.6742 0.7116 -0.0375 0.8991
CELL nb201_t1_e150 100 1.0932 0.2698 0.3011 -0.0313 0.4555
CELL nb201_t1_e150 1000 0.9163 0.3484 0.3659 -0.0175 0.5436
CELL nb201_t1_e150 10000 0.4208 0.6695 0.6463 0.0233 0.8496
CELL nb201_t1_e150 15625 0.1351 0.8262 0.8793 -0.0530 0.9821
CELL nb201_t1_e10 100 1.6034 0.1917 0.1807 0.0110 0.2801
CELL nb201_t1_e10 1000 1.6865 0.1740 0.1675 0.0065 0.2601
CELL nb201_t1_e10 10000 0.7116 0.4714 0.4622 0.0092 0.6638
CELL nb201_t1_e10 15625 0.4254 0.6397 0.6429 -0.0032 0.8468
CELL nb201_t1_e100 100 2.3416 0.0839 0.0986 -0.0147 0.1542
CELL nb201_t1_e100 1000 1.1308 0.2787 0.2892 -0.0106 0.4389
CELL nb201_t1_e100 10000 0.7178 0.4974 0.4589 0.0385 0.6600
CELL nb201_t1_e100 15625 0.2366 0.7204 0.7918 -0.0714 0.9470
CELL nb201_t1_e25 100 1.1617 0.2102 0.2799 -0.0697 0.4256
CELL nb201_t1_e25 1000 1.0066 0.3167 0.3309 -0.0142 0.4967
CELL nb201_t1_e25 10000 0.8165 0.4435 0.4097 0.0338 0.6000
CELL nb201_t1_e25 15625 0.3960 0.6516 0.6647 -0.0130 0.8645
CELL nb201_t2_e150 100 0.9459 0.3758 0.3540 0.0219 0.5278
CELL nb201_t2_e150 1000 0.6335 0.4832 0.5059 -0.0227 0.7136
CELL nb201_t2_e150 10000 0.3498 0.7069 0.7000 0.0069 0.8910
CELL nb201_t2_e150 15625 0.1561 0.8376 0.8608 -0.0232 0.9762
CELL nb201_t2_e100 100 1.2148 0.1810 0.2647 -0.0837 0.4039
CELL nb201_t2_e100 1000 0.8299 0.4230 0.4034 0.0196 0.5921
CELL nb201_t2_e100 10000 0.5544 0.5434 0.5544 -0.0110 0.7649
CELL nb201_t2_e100 15625 0.2451 0.7443 0.7847 -0.0404 0.9433
CELL nb201_t2_e200 100 1.5119 0.1797 0.1969 -0.0172 0.3043
CELL nb201_t2_e200 1000 0.7944 0.4047 0.4202 -0.0155 0.6131
CELL nb201_t2_e200 10000 0.1671 0.8633 0.8513 0.0120 0.9728
CELL nb201_t2_e200 15625 0.0753 0.9271 0.9324 -0.0053 0.9944
CELL nb201_t2_e25 100 3.0859 0.0558 0.0606 -0.0048 0.0950
CELL nb201_t2_e25 1000 0.9401 0.3574 0.3562 0.0012 0.5308
CELL nb201_t2_e25 10000 0.6079 0.4861 0.5211 -0.0351 0.7302
CELL nb201_t2_e25 15625 0.3444 0.6769 0.7042 -0.0273 0.8940
CELL nb201_t2_e50 100 1.6094 0.0506 0.1797 -0.1291 0.2785
CELL nb201_t2_e50 1000 0.9767 0.3493 0.3420 0.0072 0.5118
CELL nb201_t2_e50 10000 0.6265 0.4777 0.5100 -0.0323 0.7181
CELL nb201_t2_e50 15625 0.3140 0.6941 0.7282 -0.0341 0.9102
CELL nb201_t2_e10 100 3.4975 0.0313 0.0482 -0.0169 0.0756
CELL nb201_t2_e10 1000 1.3183 0.2297 0.2380 -0.0083 0.3653
CELL nb201_t2_e10 10000 0.5545 0.5031 0.5543 -0.0513 0.7648
CELL nb201_t2_e10 15625 0.3599 0.6629 0.6921 -0.0292 0.8853
